-1.050000e+01 -2.598076e+00
-4.500000e+00 -2.598076e+00
-7.500000e+00 -7.794229e+00
+4.500000e+00 -2.598076e+00
+1.050000e+01 -2.598076e+00
+7.500000e+00 -7.794229e+00
+0.000000e+00 +5.196152e+00
-3.000000e+00 +1.039230e+01
+3.000000e+00 +1.039230e+01
-4.500000e+00 +2.598076e+00
-1.050000e+01 +2.598076e+00
-7.500000e+00 +7.794229e+00
+4.500000e+00 +2.598076e+00
+1.050000e+01 +2.598076e+00
+7.500000e+00 +7.794229e+00
+0.000000e+00 -5.196152e+00
+3.000000e+00 -1.039230e+01
-3.000000e+00 -1.039230e+01
